16,107,2
1,2
1,5
1,11
1,12
2,5
2,5
2,6
2,7
2,8
2,9
2,9
2,11
2,14
3,3
3,5
3,6
3,8
3,11
3,12
3,15
3,15
3,15
3,15
3,16
4,4
4,4
4,4
4,6
4,6
4,8
4,8
4,9
4,9
4,11
4,13
4,14
4,14
4,15
4,15
4,16
5,5
5,5
5,6
5,8
5,10
5,10
5,11
5,12
5,12
5,13
6,6
6,7
6,7
6,9
6,10
6,12
6,13
6,14
6,15
6,15
6,16
7,7
7,12
7,12
7,12
7,13
8,9
8,12
8,14
8,16
9,10
9,11
9,11
9,13
9,14
9,15
9,15
9,16
9,16
10,11
10,11
10,12
10,12
10,13
10,15
11,11
11,12
11,13
11,15
11,16
11,16
12,12
12,12
12,13
12,13
13,14
13,15
13,15
13,15
14,15
14,15
14,15
15,16
15,16
15,16
16,16
16,16
