16,112,2
1,1
1,1
1,1
1,3
1,7
1,10
1,15
1,16
2,2
2,3
2,4
2,4
2,7
2,8
2,12
2,14
2,15
3,3
3,3
3,4
3,4
3,5
3,5
3,6
3,7
3,7
3,8
3,11
3,12
3,15
3,15
3,16
4,5
4,6
4,10
4,11
4,12
4,14
4,16
4,16
5,5
5,6
5,6
5,7
5,7
5,8
5,8
5,11
5,13
5,14
5,15
6,6
6,8
6,10
6,11
6,13
6,13
6,13
6,15
6,15
6,16
7,7
7,8
7,8
7,8
7,8
7,9
7,10
7,14
7,15
8,10
8,10
8,10
8,10
8,11
8,12
8,12
8,13
8,13
8,13
9,11
9,13
9,14
9,15
9,16
9,16
10,12
10,12
10,13
10,14
10,16
11,11
11,12
11,14
11,14
11,15
11,16
12,13
12,14
13,13
13,13
13,15
13,15
13,16
13,16
13,16
14,14
14,14
14,16
14,16
14,16
15,15
