16,99,2
1,4
1,6
1,6
1,8
1,11
1,12
1,13
1,15
1,16
1,16
2,5
2,5
2,7
2,7
2,8
2,9
2,12
2,16
2,16
3,5
3,7
3,8
3,10
3,11
3,13
3,14
3,14
3,15
3,16
3,16
4,5
4,6
4,6
4,6
4,7
4,15
4,16
5,7
5,14
5,15
5,16
5,16
5,16
6,7
6,9
6,9
6,11
6,13
7,8
7,9
7,9
7,9
7,13
7,13
7,16
7,16
8,11
8,12
8,13
8,14
8,15
8,16
8,16
9,10
9,11
9,11
9,12
9,13
9,13
9,15
9,16
10,10
10,12
10,12
10,13
10,16
10,16
10,16
11,11
11,11
11,11
11,12
11,13
11,15
12,12
12,13
12,16
13,14
13,15
13,15
14,15
14,15
14,15
14,16
15,15
15,15
15,16
15,16
15,16
