16,102,2
1,1
1,3
1,3
1,3
1,4
1,6
1,8
1,8
1,11
2,3
2,4
2,5
2,8
2,8
2,9
2,11
2,13
3,3
3,4
3,6
3,7
3,7
3,8
3,8
3,10
3,11
3,12
3,13
3,16
4,4
4,7
4,11
4,14
4,14
4,15
5,5
5,6
5,7
5,8
5,8
5,9
5,11
5,11
5,13
5,13
5,15
5,15
5,16
5,16
6,7
6,7
6,8
6,8
6,11
6,14
6,15
7,9
7,10
7,11
7,12
8,9
8,9
8,10
8,13
8,14
8,16
9,9
9,10
9,10
9,10
9,11
9,13
9,14
9,14
9,15
9,15
10,11
10,12
10,12
10,15
10,15
10,15
10,16
10,16
11,11
11,12
12,12
12,13
12,13
12,14
12,14
12,15
13,15
13,15
13,16
14,14
14,14
14,14
14,15
15,15
15,15
15,16
