16,103,2
1,2
1,5
1,5
1,5
1,6
1,7
1,7
1,9
1,11
1,12
1,14
1,15
2,3
2,3
2,3
2,7
2,7
2,8
2,11
2,12
2,12
2,12
2,13
2,14
2,14
2,15
3,3
3,5
3,6
3,9
3,10
3,11
3,14
3,15
4,6
4,6
4,7
4,7
4,7
4,7
4,8
4,8
4,8
4,9
4,9
4,10
4,12
4,12
4,14
4,15
4,16
4,16
5,6
5,9
5,10
5,13
5,14
6,8
6,9
6,11
6,12
6,12
6,15
6,16
6,16
7,8
7,8
7,9
7,9
7,10
7,12
7,13
8,10
8,11
8,12
8,12
8,12
8,15
9,11
9,13
10,10
10,11
10,11
10,11
10,12
10,15
10,16
10,16
11,11
11,13
11,13
11,16
12,13
12,14
12,16
12,16
13,13
13,14
13,14
13,14
13,16
14,15
15,16
