16,115,2
1,4
1,7
1,10
1,10
1,11
1,12
1,13
1,13
1,14
1,14
1,14
1,15
1,16
1,16
2,2
2,5
2,9
2,10
2,10
2,10
2,11
2,11
2,12
2,12
2,16
2,16
3,4
3,4
3,5
3,9
3,10
3,11
3,14
3,14
3,15
3,15
3,16
4,5
4,6
4,7
4,7
4,7
4,8
4,9
4,10
4,10
4,11
4,11
4,13
4,14
4,15
4,15
4,15
4,15
4,15
4,16
4,16
5,6
5,6
5,8
5,10
5,11
5,12
5,12
5,13
5,13
5,13
5,15
5,16
6,7
6,7
6,7
6,9
6,10
6,12
6,12
6,13
6,13
6,14
6,14
6,15
6,15
6,16
7,9
7,12
7,13
7,13
7,13
7,14
7,16
7,16
8,10
8,11
8,11
8,11
8,11
8,12
8,13
8,14
9,9
9,10
9,11
9,12
9,15
10,11
10,11
10,16
11,14
11,14
11,14
11,14
12,14
13,14
13,14
13,16
